A/C,N,O,R,RU,U,UO,RO
housedust HR,0.084249084,0.201465201,0.245421245,0.102564103,0.194139194,0.06959707,0.102564103
housedust LR,0.048076923,0.221153846,0.278846154,0.038461538,0.25,0.105769231,0.057692308
housedust MR,0.115384615,0.164335664,0.223776224,0.062937063,0.276223776,0.06993007,0.087412587
housedust NR,0.060606061,0.242424242,0.106060606,0.090909091,0.393939394,0.03030303,0.075757576
cottondust LR,0.108695652,0.152173913,0.202898551,0.079710145,0.31884058,0.079710145,0.057971014
cottondust HR,0.081300813,0.162601626,0.195121951,0.097560976,0.292682927,0.113821138,0.056910569
cottondust MR,0.090909091,0.204545455,0.242424242,0.087121212,0.200757576,0.060606061,0.113636364
cottondust KR,0,0,0.5,0,0.5,0,0
cottondust NR,0.079207921,0.227722772,0.247524752,0.04950495,0.247524752,0.054455446,0.094059406
aspergilus LR,0.067567568,0.222972973,0.222972973,0.040540541,0.297297297,0.067567568,0.081081081
aspergilus HR,0.066666667,0.24,0.233333333,0.073333333,0.2,0.066666667,0.12
aspergilus MR,0.117154812,0.171548117,0.221757322,0.112970711,0.230125523,0.075313808,0.071129707
aspergilus KR,0.142857143,0,0.428571429,0.142857143,0.142857143,0.142857143,0
aspergilus NR,0.086486486,0.167567568,0.232432432,0.059459459,0.291891892,0.07027027,0.091891892
pollen LR,0.09375,0.09375,0.270833333,0.0625,0.333333333,0.072916667,0.072916667
pollen HR,0.072874494,0.210526316,0.218623482,0.08097166,0.218623482,0.089068826,0.109311741
pollen MR,0.103125,0.171875,0.221875,0.084375,0.275,0.0625,0.08125
pollen KR,0,0.333333333,0.333333333,0.333333333,0,0,0
pollen NR,0.079365079,0.380952381,0.238095238,0.031746032,0.158730159,0.047619048,0.063492063
parthenium LR,0.125,0.208333333,0.270833333,0.104166667,0.229166667,0.0625,0
parthenium HR,0.078947368,0.205263158,0.215789474,0.089473684,0.231578947,0.076315789,0.102631579
parthenium MR,0.101123596,0.179775281,0.239700375,0.052434457,0.277153558,0.06741573,0.082397004
parthenium KR,0,1,0,0,0,0,0
parthenium NR,0.060606061,0.121212121,0.242424242,0.090909091,0.333333333,0.060606061,0.090909091
cockroach LR,0.054054054,0.22972973,0.189189189,0.121621622,0.256756757,0.054054054,0.094594595
cockroach HR,0.118694362,0.154302671,0.207715134,0.086053412,0.261127596,0.068249258,0.103857567
cockroach MR,0.075396825,0.222222222,0.273809524,0.063492063,0.234126984,0.075396825,0.055555556
cockroach KR,0,0.25,0.5,0,0.25,0,0
cockroach NR,0.032258065,0.241935484,0.193548387,0.032258065,0.274193548,0.096774194,0.129032258
catdander LR,0,0.272727273,0.363636364,0.090909091,0.181818182,0,0.090909091
catdander HR,0,0,0,0,0.5,0,0.5
catdander KR,0.086956522,0.1994003,0.230884558,0.076461769,0.254872564,0.070464768,0.08095952
catdander MR,0,0,0.333333333,0.333333333,0.333333333,0,0
catdander NR,0.159090909,0.113636364,0.181818182,0.068181818,0.204545455,0.113636364,0.159090909
dosfur LR,0.129032258,0.064516129,0.161290323,0.193548387,0.129032258,0.161290323,0.161290323
dosfur HR,0.222222222,0.111111111,0.111111111,0.222222222,0.222222222,0.111111111,0
dosfur KR,0.086887836,0.195892575,0.232227488,0.071090047,0.263823065,0.069510269,0.08056872
dosfur MR,0.037037037,0.333333333,0.111111111,0.037037037,0.222222222,0.037037037,0.222222222
dosfur NR,0.103448276,0.172413793,0.379310345,0.068965517,0.172413793,0.034482759,0.068965517
roaddust LR,0.073529412,0.191176471,0.191176471,0.088235294,0.279411765,0.073529412,0.102941176
roaddust HR,0,0.2,0,0,0.6,0,0.2
roaddust MR,0,0.114285714,0.257142857,0.085714286,0.285714286,0.114285714,0.142857143
roaddust KR,0.441860465,0.104651163,0.151162791,0.034883721,0.151162791,0.058139535,0.058139535
roaddust NR,0.041121495,0.213084112,0.246728972,0.082242991,0.259813084,0.071028037,0.085981308
oldpdust LR,0.045454545,0.227272727,0.090909091,0.045454545,0.363636364,0.136363636,0.090909091
oldpdust HR,0,0.333333333,0,0.333333333,0.333333333,0,0
oldpdust KR,0.097826087,0.192546584,0.232919255,0.076086957,0.245341615,0.066770186,0.088509317
oldpdust MR,0,0,0,0.125,0.5,0,0.375
oldpdust NR,0.019230769,0.211538462,0.288461538,0.076923077,0.25,0.115384615,0.038461538
PSdust LR,0.060606061,0.166666667,0.181818182,0.090909091,0.363636364,0.090909091,0.045454545
PSdust HR,0,0,0.555555556,0.111111111,0.222222222,0,0.111111111
PSdust KR,0.13442623,0.183606557,0.242622951,0.06557377,0.239344262,0.052459016,0.081967213
PSdust MR,0.042553191,0.29787234,0.085106383,0.127659574,0.340425532,0.063829787,0.042553191
PSdust NR,0.059602649,0.198675497,0.238410596,0.07615894,0.228476821,0.089403974,0.109271523
MilkP LR,0.05,0.183333333,0.233333333,0.133333333,0.283333333,0.1,0.016666667
MilkP HR,0,0.333333333,0.166666667,0.083333333,0.333333333,0,0.083333333
MilkP KR,0.115234375,0.171875,0.232421875,0.07421875,0.25390625,0.06640625,0.0859375
MilkP MR,0.024390244,0.219512195,0.292682927,0.097560976,0.219512195,0.12195122,0.024390244
MilkP NR,0.019230769,0.278846154,0.192307692,0.048076923,0.230769231,0.067307692,0.163461538
MilkC LR,0.054054054,0.171171171,0.189189189,0.108108108,0.315315315,0.045045045,0.117117117
MilkC HR,0.028571429,0.4,0.114285714,0.057142857,0.171428571,0.171428571,0.057142857
MilkC KR,0.126984127,0.19047619,0.21957672,0.084656085,0.227513228,0.060846561,0.08994709
MilkC MR,0.04109589,0.109589041,0.301369863,0.068493151,0.328767123,0.068493151,0.082191781
MilkC NR,0.053030303,0.212121212,0.28030303,0.037878788,0.25,0.098484848,0.068181818
curd LR,0.103448276,0.172413793,0.24137931,0.068965517,0.24137931,0.137931034,0.034482759
curd KR,0.09516129,0.188709677,0.232258065,0.072580645,0.251612903,0.069354839,0.090322581
curd NR,0.014492754,0.231884058,0.231884058,0.130434783,0.260869565,0.043478261,0.086956522
curd MR,0.181818182,0.272727273,0,0,0.272727273,0.181818182,0.090909091
coffee LR,0.03,0.16,0.24,0.12,0.27,0.07,0.11
coffee HR,0.111111111,0.166666667,0.055555556,0.055555556,0.444444444,0.055555556,0.111111111
coffee MR,0.028985507,0.188405797,0.217391304,0.086956522,0.275362319,0.101449275,0.101449275
coffee KR,0.165467626,0.194244604,0.197841727,0.061151079,0.251798561,0.068345324,0.061151079
coffee NR,0.045454545,0.208333333,0.272727273,0.075757576,0.227272727,0.068181818,0.102272727
tea LR,0.030769231,0.123076923,0.246153846,0.076923077,0.307692308,0.123076923,0.092307692
tea HR,0.052631579,0.263157895,0.157894737,0.052631579,0.368421053,0,0.105263158
tea MR,0.076923077,0.169230769,0.215384615,0.092307692,0.323076923,0.076923077,0.046153846
tea KR,0.136627907,0.191860465,0.24127907,0.069767442,0.215116279,0.061046512,0.084302326
tea NR,0.042372881,0.216101695,0.216101695,0.084745763,0.262711864,0.076271186,0.101694915
beef LR,0.058139535,0.186046512,0.255813953,0.093023256,0.244186047,0.11627907,0.046511628
beef HR,0.166666667,0.083333333,0.25,0,0.166666667,0.083333333,0.25
beef KR,0.193133047,0.167381974,0.167381974,0.072961373,0.274678112,0.0472103,0.077253219
beef MR,0.014084507,0.169014085,0.225352113,0.126760563,0.253521127,0.098591549,0.112676056
beef NR,0.036697248,0.22324159,0.266055046,0.067278287,0.241590214,0.070336391,0.094801223
chicken LR,0.020979021,0.195804196,0.223776224,0.104895105,0.272727273,0.104895105,0.076923077
chicken HR,0,0.142857143,0.142857143,0.142857143,0.571428571,0,0
chicken KR,0.182509506,0.197718631,0.19391635,0.057034221,0.228136882,0.060836502,0.079847909
chicken MR,0.116666667,0.166666667,0.1,0.1,0.35,0.05,0.116666667
chicken NR,0.02734375,0.1953125,0.30078125,0.07421875,0.234375,0.0703125,0.09765625
mutton LR,0.076923077,0.153846154,0.217948718,0.08974359,0.358974359,0.025641026,0.076923077
mutton HR,0,0,0.333333333,0,0.666666667,0,0
mutton MR,0,0.148148148,0.185185185,0.111111111,0.296296296,0.148148148,0.111111111
mutton KR,0.138121547,0.196132597,0.220994475,0.060773481,0.226519337,0.071823204,0.085635359
mutton NR,0.034749035,0.208494208,0.247104247,0.092664093,0.247104247,0.077220077,0.092664093
egg LR,0.03030303,0.196969697,0.227272727,0.090909091,0.318181818,0.045454545,0.090909091
egg HR,0,0.277777778,0.222222222,0.111111111,0.166666667,0.166666667,0.055555556
egg MR,0.081081081,0.054054054,0.189189189,0.054054054,0.27027027,0.162162162,0.189189189
egg KR,0.115234375,0.19140625,0.228515625,0.0703125,0.2421875,0.064453125,0.087890625
egg NR,0.010416667,0.239583333,0.25,0.104166667,0.270833333,0.072916667,0.052083333
fishA LR,0.051282051,0.205128205,0.243589744,0.08974359,0.230769231,0.08974359,0.08974359
fishA HR,0.041666667,0.208333333,0.208333333,0.083333333,0.375,0.041666667,0.041666667
fishA KR,0.149171271,0.182320442,0.201657459,0.071823204,0.245856354,0.066298343,0.082872928
fishA MR,0.02173913,0.195652174,0.217391304,0.043478261,0.282608696,0.086956522,0.152173913
fishA NR,0.02283105,0.205479452,0.273972603,0.086757991,0.251141553,0.073059361,0.086757991
fishB LR,0,0.333333333,0,0.333333333,0,0,0.333333333
fishB KR,0.093704246,0.193265007,0.2284041,0.073206442,0.25329429,0.070278184,0.087847731
fishB NR,0.023809524,0.19047619,0.261904762,0.095238095,0.261904762,0.095238095,0.071428571
fishB MR,0,0,0,1,0,0,0
crab LR,0.0625,0.225,0.125,0.0875,0.2875,0.1125,0.1
crab HR,0,0.111111111,0.111111111,0.222222222,0.222222222,0.111111111,0.222222222
crab KR,0.135693215,0.194690265,0.238938053,0.064896755,0.209439528,0.05899705,0.097345133
crab MR,0.022222222,0.177777778,0.222222222,0.066666667,0.377777778,0.088888889,0.044444444
crab NR,0.05078125,0.1875,0.25390625,0.0859375,0.27734375,0.0703125,0.07421875
prawns LR,0.086956522,0.260869565,0.173913043,0.130434783,0.304347826,0,0.043478261
prawns HR,0,0,0.333333333,0.333333333,0.333333333,0,0
prawns MR,0.125,0.25,0.375,0.125,0.125,0,0
prawns KR,0.100346021,0.19550173,0.219723183,0.070934256,0.238754325,0.077854671,0.096885813
prawns NR,0.034188034,0.170940171,0.273504274,0.085470085,0.316239316,0.05982906,0.05982906
shark LR,0.053435115,0.167938931,0.221374046,0.13740458,0.244274809,0.122137405,0.053435115
shark HR,0.0625,0.1875,0.3125,0,0.375,0.0625,0
shark MR,0.078947368,0.184210526,0.289473684,0.039473684,0.302631579,0.052631579,0.052631579
shark KR,0.367924528,0.122641509,0.188679245,0.037735849,0.169811321,0.028301887,0.08490566
shark NR,0.03,0.2225,0.2275,0.0775,0.2625,0.07,0.11
avaraikai LR,0.016129032,0.161290323,0.177419355,0.080645161,0.338709677,0.129032258,0.096774194
avaraikai HR,0,0.5,0,0,0.166666667,0.333333333,0
avaraikai KR,0.135501355,0.219512195,0.214092141,0.075880759,0.230352304,0.051490515,0.073170732
avaraikai MR,0,0.121212121,0.242424242,0.090909091,0.363636364,0.060606061,0.121212121
avaraikai NR,0.054054054,0.166023166,0.266409266,0.077220077,0.250965251,0.081081081,0.104247104
banana LR,0.049689441,0.167701863,0.248447205,0.105590062,0.236024845,0.074534161,0.118012422
banana HR,0,0.2,0.333333333,0.133333333,0.2,0.133333333,0
banana KR,0.222772277,0.202970297,0.133663366,0.059405941,0.247524752,0.064356436,0.069306931
banana MR,0.018518519,0.12962963,0.333333333,0.111111111,0.259259259,0.055555556,0.092592593
banana NR,0.037037037,0.212121212,0.259259259,0.063973064,0.265993266,0.074074074,0.087542088
beans LR,0.037974684,0.17721519,0.202531646,0.063291139,0.265822785,0.139240506,0.113924051
beans HR,0,0.333333333,0,0.166666667,0.5,0,0
beans KR,0.150470219,0.153605016,0.225705329,0.07523511,0.228840125,0.068965517,0.097178683
beans MR,0,0.433333333,0.066666667,0.066666667,0.366666667,0,0.066666667
beans NR,0.047457627,0.213559322,0.261016949,0.081355932,0.257627119,0.06440678,0.074576271
beetroot LR,0,0.2,0.3,0.1,0.2,0.05,0.15
beetroot HR,0,0,0.25,0,0.5,0,0.25
beetroot KR,0.094435076,0.195615514,0.231028668,0.072512648,0.246205734,0.075885329,0.084317032
beetroot MR,0.111111111,0.333333333,0.111111111,0,0.222222222,0.111111111,0.111111111
beetroot NR,0.077669903,0.174757282,0.213592233,0.106796117,0.291262136,0.048543689,0.087378641
brinjal LR,0,0.142857143,0.142857143,0.285714286,0.428571429,0,0
brinjal KR,0.094427245,0.198142415,0.232198142,0.078947368,0.243034056,0.068111455,0.085139319
brinjal NR,0.054054054,0.162162162,0.216216216,0.040540541,0.297297297,0.108108108,0.121621622
brinjal MR,0,0,0,0,1,0,0
cabbage LR,0.071428571,0.214285714,0.285714286,0.095238095,0.285714286,0.023809524,0.023809524
cabbage HR,0,0,0.333333333,0,0.666666667,0,0
cabbage KR,0.111801242,0.175983437,0.207039337,0.070393375,0.258799172,0.070393375,0.105590062
cabbage MR,0.045454545,0.363636364,0.227272727,0.045454545,0.272727273,0,0.045454545
cabbage NR,0.039106145,0.217877095,0.273743017,0.094972067,0.217877095,0.094972067,0.061452514
capsicum LR,0.022988506,0.275862069,0.183908046,0.137931034,0.252873563,0.045977011,0.08045977
capsicum HR,0,0,0.307692308,0.153846154,0.384615385,0.076923077,0.076923077
capsicum KR,0.386138614,0.148514851,0.128712871,0.02970297,0.188118812,0.02970297,0.089108911
capsicum MR,0.105263158,0.184210526,0.131578947,0.105263158,0.368421053,0.026315789,0.078947368
capsicum NR,0.040816327,0.193877551,0.263265306,0.071428571,0.253061224,0.087755102,0.089795918
chillie LR,0,0.058823529,0.117647059,0.235294118,0.352941176,0.117647059,0.117647059
chillie HR,0,0.8,0,0,0.2,0,0
chillie KR,0.103986135,0.190641248,0.223570191,0.071057192,0.242634315,0.072790295,0.095320624
chillie MR,0,0.142857143,0.285714286,0.142857143,0.285714286,0.142857143,0
chillie NR,0.040650407,0.203252033,0.276422764,0.081300813,0.284552846,0.056910569,0.056910569
cauliflower LR,0.045454545,0.181818182,0.136363636,0.090909091,0.272727273,0.136363636,0.136363636
cauliflower HR,0,0,0.333333333,0,0.333333333,0,0.333333333
cauliflower KR,0.104304636,0.183774834,0.23013245,0.072847682,0.243377483,0.074503311,0.091059603
cauliflower MR,0,0,0.4,0,0.6,0,0
cauliflower NR,0.010526316,0.273684211,0.231578947,0.105263158,0.284210526,0.042105263,0.052631579
carrot LR,0,0.111111111,0.222222222,0.222222222,0.333333333,0.111111111,0
carrot KR,0.093603744,0.196567863,0.224648986,0.071762871,0.252730109,0.074882995,0.085803432
carrot NR,0.064935065,0.181818182,0.25974026,0.103896104,0.233766234,0.038961039,0.116883117
carrot MR,0,0,0.5,0,0.5,0,0
chowchow LR,0.090909091,0.106060606,0.272727273,0.121212121,0.227272727,0.090909091,0.090909091
chowchow HR,0,0.142857143,0.285714286,0,0.571428571,0,0
chowchow MR,0.024390244,0.170731707,0.243902439,0.12195122,0.268292683,0.048780488,0.12195122
chowchow KR,0.417582418,0.131868132,0.186813187,0.043956044,0.131868132,0.043956044,0.043956044
chowchow NR,0.038167939,0.217557252,0.229007634,0.074427481,0.270992366,0.076335878,0.09351145
corn LR,0.025641026,0.205128205,0.179487179,0.08974359,0.307692308,0.102564103,0.08974359
corn HR,0.04,0.08,0.32,0.08,0.28,0.08,0.12
corn MR,0.058139535,0.151162791,0.220930233,0.093023256,0.325581395,0.046511628,0.104651163
corn KR,0.38,0.16,0.24,0.03,0.09,0.06,0.04
corn NR,0.046961326,0.215469613,0.243093923,0.080110497,0.254143646,0.066298343,0.093922652
cucumber LR,0.010752688,0.172043011,0.258064516,0.107526882,0.258064516,0.11827957,0.075268817
cucumber HR,0,0,0,0.25,0.25,0.25,0.25
cucumber KR,0.2,0.210810811,0.216216216,0.048648649,0.183783784,0.043243243,0.097297297
cucumber MR,0.129032258,0.096774194,0.096774194,0.096774194,0.322580645,0.096774194,0.161290323
cucumber NR,0.055288462,0.199519231,0.240384615,0.079326923,0.276442308,0.069711538,0.079326923
drumstick LR,0.052631579,0.157894737,0.263157895,0,0.263157895,0.210526316,0.052631579
drumstick HR,0.5,0,0,0,0,0.5,0
drumstick KR,0.101243339,0.188277087,0.229129663,0.078152753,0.245115453,0.063943162,0.094138544
drumstick MR,0,0.166666667,0,0.333333333,0.333333333,0,0.166666667
drumstick NR,0.043165468,0.223021583,0.237410072,0.071942446,0.28057554,0.079136691,0.064748201
greens LR,0,0,0.25,0.25,0.375,0,0.125
greens KR,0.09063893,0.19910847,0.227340267,0.069836553,0.252600297,0.071322437,0.089153046
greens NR,0.085106383,0.14893617,0.255319149,0.14893617,0.212765957,0.085106383,0.063829787
greens MR,0,0,0,0,1,0,0
gourds LR,0.034883721,0.156976744,0.279069767,0.087209302,0.273255814,0.081395349,0.087209302
gourds HR,0,0.275862069,0.275862069,0.172413793,0.206896552,0.034482759,0.034482759
gourds KR,0.37254902,0.098039216,0.205882353,0.068627451,0.147058824,0.039215686,0.068627451
gourds MR,0.073770492,0.163934426,0.196721311,0.106557377,0.295081967,0.090163934,0.073770492
gourds NR,0.039473684,0.25,0.217105263,0.052631579,0.263157895,0.072368421,0.105263158
kovaikai LR,0.074074074,0.185185185,0.222222222,0.111111111,0.296296296,0.037037037,0.074074074
kovaikai HR,0,0,0.5,0,0.5,0,0
kovaikai KR,0.104627767,0.195171026,0.213279678,0.08249497,0.247484909,0.068410463,0.088531187
kovaikai MR,0.125,0.375,0.25,0,0.125,0.125,0
kovaikai NR,0.051282051,0.184615385,0.266666667,0.061538462,0.261538462,0.082051282,0.092307692
kothavarai LR,0.071428571,0.285714286,0.178571429,0.035714286,0.214285714,0.107142857,0.107142857
kothavarai HR,0,0.333333333,0,0,0.666666667,0,0
kothavarai MR,0,0,0.142857143,0.142857143,0.285714286,0.285714286,0.142857143
kothavarai KR,0.097478992,0.194957983,0.245378151,0.080672269,0.233613445,0.057142857,0.090756303
kothavarai NR,0.052083333,0.166666667,0.15625,0.0625,0.364583333,0.135416667,0.0625
Lfinger LR,0.074074074,0.296296296,0.148148148,0.148148148,0.185185185,0.037037037,0.111111111
Lfinger HR,0.333333333,0.333333333,0,0,0.333333333,0,0
Lfinger KR,0.10106383,0.184397163,0.234042553,0.076241135,0.24822695,0.069148936,0.086879433
Lfinger MR,0,0.333333333,0.333333333,0,0.333333333,0,0
Lfinger NR,0.037878788,0.204545455,0.227272727,0.068181818,0.28030303,0.090909091,0.090909091
malli LR,0.333333333,0.111111111,0,0.222222222,0.222222222,0,0.111111111
malli HR,0.333333333,0,0.333333333,0,0,0.333333333,0
malli MR,0,0,0,0.5,0.5,0,0
malli KR,0.089665653,0.194528875,0.237082067,0.075987842,0.246200608,0.072948328,0.083586626
malli NR,0.035087719,0.210526316,0.175438596,0.052631579,0.333333333,0.052631579,0.140350877
mango LR,0.029126214,0.184466019,0.223300971,0.097087379,0.281553398,0.106796117,0.077669903
mango HR,0,0,0.125,0,0.5,0,0.375
mango MR,0.022727273,0.204545455,0.159090909,0.136363636,0.272727273,0.045454545,0.159090909
mango KR,0.679245283,0.150943396,0.075471698,0.037735849,0.056603774,0,0
mango NR,0.047984645,0.201535509,0.253358925,0.07293666,0.261036468,0.074856046,0.088291747
mushroom LR,0.102564103,0.205128205,0.153846154,0.128205128,0.333333333,0.051282051,0.025641026
mushroom HR,0,0,0,0,1,0,0
mushroom KR,0.0997921,0.182952183,0.222453222,0.06029106,0.257796258,0.074844075,0.101871102
mushroom MR,0,0.222222222,0.111111111,0,0.555555556,0.111111111,0
mushroom NR,0.065656566,0.217171717,0.267676768,0.111111111,0.202020202,0.065656566,0.070707071
nuckol LR,0.018518519,0.074074074,0.222222222,0.111111111,0.407407407,0.092592593,0.074074074
nuckol HR,0,0.428571429,0.142857143,0.142857143,0,0,0.285714286
nuckol MR,0.064516129,0.193548387,0.258064516,0.161290323,0.258064516,0,0.064516129
nuckol KR,0.11971831,0.220657277,0.20657277,0.063380282,0.241784038,0.0657277,0.082159624
nuckol NR,0.052132701,0.161137441,0.274881517,0.08056872,0.241706161,0.090047393,0.099526066
onion LR,0,0.2,0.25,0.05,0.35,0.1,0.05
onion HR,0,0.5,0,0,0.5,0,0
onion MR,0,0.222222222,0.333333333,0.111111111,0.222222222,0.111111111,0
onion KR,0.109589041,0.191780822,0.217465753,0.071917808,0.253424658,0.070205479,0.085616438
onion NR,0.00877193,0.192982456,0.280701754,0.105263158,0.228070175,0.070175439,0.114035088
peas LR,0.046511628,0.174418605,0.186046512,0.11627907,0.360465116,0.046511628,0.069767442
peas HR,0.222222222,0,0.222222222,0.111111111,0.222222222,0.111111111,0.111111111
peas KR,0.35,0.175,0.075,0.058333333,0.208333333,0.075,0.058333333
peas MR,0.090909091,0.045454545,0.181818182,0.090909091,0.363636364,0.090909091,0.136363636
peas NR,0.030487805,0.211382114,0.276422764,0.073170732,0.239837398,0.073170732,0.095528455
potroot LR,0,0.148148148,0.222222222,0.222222222,0.185185185,0.111111111,0.111111111
potroot HR,0,0,0,1,0,0,0
potroot MR,0,0,0,0.666666667,0.333333333,0,0
potroot KR,0.097315436,0.187919463,0.236577181,0.065436242,0.25,0.070469799,0.092281879
potroot NR,0.068627451,0.245098039,0.196078431,0.078431373,0.284313725,0.068627451,0.058823529
paneer LR,0.117647059,0.117647059,0.235294118,0.088235294,0.294117647,0.058823529,0.088235294
paneer HR,0,0.2,0.2,0.2,0,0.2,0.2
paneer KR,0.101626016,0.191056911,0.237804878,0.073170732,0.239837398,0.069105691,0.087398374
paneer MR,0.157894737,0.210526316,0.105263158,0.105263158,0.263157895,0.052631579,0.105263158
paneer NR,0.044692737,0.212290503,0.217877095,0.078212291,0.284916201,0.078212291,0.083798883
potato LR,0.02173913,0.152173913,0.239130435,0.086956522,0.282608696,0.108695652,0.108695652
potato HR,0,0,0,0,0.75,0,0.25
potato MR,0.043478261,0.260869565,0.217391304,0.130434783,0.217391304,0.043478261,0.086956522
potato KR,0.141666667,0.177777778,0.222222222,0.083333333,0.233333333,0.052777778,0.088888889
potato NR,0.040540541,0.216216216,0.239864865,0.064189189,0.266891892,0.091216216,0.081081081
pumkin LR,0.01,0.19,0.22,0.07,0.39,0.06,0.06
pumkin HR,0,0.125,0.375,0.125,0.25,0,0.125
pumkin MR,0.058823529,0.058823529,0.205882353,0.176470588,0.235294118,0.205882353,0.058823529
pumkin KR,0.596774194,0.096774194,0.096774194,0.032258065,0.096774194,0.016129032,0.064516129
pumkin NR,0.047619048,0.215238095,0.245714286,0.076190476,0.245714286,0.072380952,0.097142857
pudina LR,0,0,0.2,0,0.4,0.4,0
pudina KR,0.095826893,0.202472952,0.224111283,0.072642968,0.250386399,0.069551777,0.085007728
pudina NR,0.038961039,0.12987013,0.272727273,0.116883117,0.25974026,0.064935065,0.116883117
radish LR,0,0,0.166666667,0.333333333,0.5,0,0
radish HR,0,0.333333333,0,0,0.666666667,0,0
radish MR,0,0.25,0,0.25,0,0.5,0
radish KR,0.092814371,0.196107784,0.233532934,0.068862275,0.248502994,0.068862275,0.091317365
radish NR,0.0625,0.166666667,0.208333333,0.145833333,0.270833333,0.083333333,0.0625
tomato LR,0.016949153,0.118644068,0.169491525,0.084745763,0.305084746,0.169491525,0.13559322
tomato HR,0,0,0,0,0.75,0.25,0
tomato KR,0.111578947,0.206315789,0.223157895,0.075789474,0.242105263,0.056842105,0.084210526
tomato MR,0.047619048,0.142857143,0.142857143,0.047619048,0.476190476,0.047619048,0.095238095
tomato NR,0.058823529,0.194117647,0.282352941,0.082352941,0.223529412,0.076470588,0.082352941
tondaikai LR,0.035874439,0.206278027,0.219730942,0.098654709,0.295964126,0.076233184,0.067264574
tondaikai HR,0.025641026,0.256410256,0.179487179,0.076923077,0.307692308,0,0.153846154
tondaikai MR,0.087248322,0.161073826,0.268456376,0.100671141,0.248322148,0.040268456,0.093959732
tondaikai KR,0.790697674,0.093023256,0.046511628,0,0.069767442,0,0
tondaikai NR,0.032727273,0.207272727,0.250909091,0.058181818,0.24,0.105454545,0.105454545
vazpooThandu LR,0.040816327,0.102040816,0.272108844,0.142857143,0.292517007,0.068027211,0.081632653
vazpooThandu HR,0.035714286,0.25,0.25,0,0.357142857,0,0.107142857
vazpooThandu MR,0.027777778,0.166666667,0.166666667,0.083333333,0.291666667,0.152777778,0.111111111
vazpooThandu KR,0.21559633,0.197247706,0.211009174,0.027522936,0.206422018,0.055045872,0.087155963
vazpooThandu NR,0.034090909,0.242424242,0.234848485,0.087121212,0.246212121,0.071969697,0.083333333
yams LR,0.069306931,0.108910891,0.316831683,0.059405941,0.306930693,0.059405941,0.079207921
yams HR,0,0.117647059,0.117647059,0.117647059,0.352941176,0.176470588,0.117647059
yams MR,0.042253521,0.183098592,0.169014085,0.084507042,0.309859155,0.084507042,0.126760563
yams KR,0.790697674,0.093023256,0.046511628,0.023255814,0.046511628,0,0
yams NR,0.042253521,0.22334004,0.23943662,0.08249497,0.247484909,0.07444668,0.09054326
gram LR,0.035294118,0.129411765,0.317647059,0.058823529,0.235294118,0.117647059,0.105882353
gram HR,0,0.1,0.3,0.1,0.3,0.1,0.1
gram MR,0.052631579,0.210526316,0.236842105,0.078947368,0.315789474,0.052631579,0.052631579
gram KR,0.196428571,0.183035714,0.178571429,0.071428571,0.254464286,0.040178571,0.075892857
gram NR,0.043010753,0.215053763,0.23655914,0.083333333,0.247311828,0.080645161,0.094086022
channa LR,0,0.333333333,0.444444444,0.111111111,0.111111111,0,0
channa HR,0,0,0,0,1,0,0
channa MR,0,0,0,0.5,0.5,0,0
channa KR,0.095541401,0.189490446,0.227707006,0.081210191,0.25,0.070063694,0.085987261
channa NR,0.056179775,0.213483146,0.224719101,0.033707865,0.269662921,0.08988764,0.112359551
dhal LR,0,0.157894737,0.105263158,0.105263158,0.526315789,0.052631579,0.052631579
dhal HR,0,0,0.25,0,0.5,0,0.25
dhal MR,0,0.357142857,0.071428571,0.071428571,0.428571429,0.071428571,0
dhal KR,0.107468124,0.187613843,0.229508197,0.080145719,0.229508197,0.069216758,0.096539162
dhal NR,0.041958042,0.20979021,0.258741259,0.062937063,0.27972028,0.083916084,0.062937063
maida LR,0,0,0.4,0,0.4,0,0.2
maida KR,0.103559871,0.197411003,0.233009709,0.069579288,0.234627832,0.071197411,0.090614887
maida NR,0.009433962,0.179245283,0.198113208,0.122641509,0.349056604,0.075471698,0.066037736
oats LR,0.034883721,0.186046512,0.209302326,0.081395349,0.26744186,0.127906977,0.093023256
oats HR,0.058823529,0.117647059,0.235294118,0.058823529,0.470588235,0,0.058823529
oats MR,0,0.119047619,0.238095238,0.119047619,0.404761905,0.071428571,0.047619048
oats KR,0.358490566,0.141509434,0.150943396,0.028301887,0.160377358,0.037735849,0.122641509
oats NR,0.048117155,0.215481172,0.248953975,0.083682008,0.248953975,0.071129707,0.083682008
ragi LR,0.022988506,0.149425287,0.298850575,0.068965517,0.298850575,0.103448276,0.057471264
ragi HR,0.142857143,0,0.142857143,0,0.714285714,0,0
ragi MR,0,0.102040816,0.306122449,0.102040816,0.306122449,0.12244898,0.06122449
ragi KR,0.21,0.18,0.215,0.075,0.205,0.055,0.06
ragi NR,0.051813472,0.225388601,0.212435233,0.077720207,0.251295337,0.067357513,0.113989637
rice LR,0.028169014,0.281690141,0.14084507,0.042253521,0.394366197,0.098591549,0.014084507
rice HR,0,0.428571429,0.142857143,0,0.428571429,0,0
rice KR,0.146974063,0.167146974,0.268011527,0.095100865,0.198847262,0.040345821,0.083573487
rice MR,0,0.37037037,0.074074074,0.037037037,0.333333333,0.111111111,0.074074074
rice NR,0.0433213,0.180505415,0.220216606,0.068592058,0.270758123,0.101083032,0.115523466
wheat LR,0.032786885,0.245901639,0.229508197,0.114754098,0.196721311,0.114754098,0.06557377
wheat HR,0,0.454545455,0.090909091,0,0.181818182,0.090909091,0.181818182
wheat KR,0.138121547,0.182320442,0.198895028,0.08839779,0.254143646,0.05801105,0.080110497
wheat MR,0,0.214285714,0.166666667,0.023809524,0.476190476,0.047619048,0.071428571
wheat NR,0.051383399,0.181818182,0.288537549,0.063241107,0.229249012,0.083003953,0.102766798
coconut LR,0.033333333,0.266666667,0.266666667,0.066666667,0.216666667,0.016666667,0.133333333
coconut HR,0,0.25,0.25,0,0.5,0,0
coconut MR,0.026315789,0.342105263,0.184210526,0.026315789,0.263157895,0.105263158,0.052631579
coconut KR,0.15,0.175,0.2,0.080555556,0.25,0.063888889,0.080555556
coconut NR,0.029962547,0.179775281,0.265917603,0.082397004,0.258426966,0.08988764,0.093632959
oil LR,0,0.142857143,0.428571429,0.285714286,0.142857143,0,0
oil MR,0,0.4,0.2,0,0,0.4,0
oil KR,0.095679012,0.199074074,0.234567901,0.067901235,0.25154321,0.064814815,0.086419753
oil NR,0.043478261,0.130434783,0.15942029,0.144927536,0.289855072,0.115942029,0.115942029
garlic LR,0.029126214,0.223300971,0.13592233,0.097087379,0.388349515,0.077669903,0.048543689
garlic HR,0,0.230769231,0.307692308,0,0.307692308,0,0.153846154
garlic KR,0.255033557,0.161073826,0.228187919,0.073825503,0.194630872,0.046979866,0.040268456
garlic MR,0.094339623,0.264150943,0.150943396,0.056603774,0.188679245,0.075471698,0.169811321
garlic NR,0.04622871,0.187347932,0.260340633,0.077858881,0.245742092,0.080291971,0.102189781
ginger LR,0.017241379,0.206896552,0.25862069,0.086206897,0.224137931,0.103448276,0.103448276
ginger HR,0,0,0,0.25,0.5,0,0.25
ginger KR,0.127937337,0.182767624,0.195822454,0.07310705,0.255874674,0.065274151,0.09921671
ginger MR,0,0.103448276,0.275862069,0.068965517,0.379310345,0.103448276,0.068965517
ginger NR,0.058823529,0.219607843,0.270588235,0.078431373,0.235294118,0.070588235,0.066666667
pepper LR,0.071428571,0.285714286,0.214285714,0.071428571,0.142857143,0.071428571,0.142857143
pepper HR,0,0,0.333333333,0,0.666666667,0,0
pepper KR,0.108256881,0.196330275,0.231192661,0.064220183,0.251376147,0.064220183,0.08440367
pepper MR,0,0,0.4,0,0.2,0.2,0.2
pepper NR,0.030864198,0.185185185,0.216049383,0.12345679,0.259259259,0.092592593,0.092592593
tamarind LR,0,0.3,0.2,0.1,0.3,0.1,0
tamarind HR,0,0.5,0.25,0,0,0,0.25
tamarind MR,0,0.3,0.3,0,0.3,0,0.1
tamarind KR,0.106712565,0.184165232,0.235800344,0.070567986,0.258175559,0.063683305,0.080895009
tamarind NR,0.024193548,0.209677419,0.193548387,0.112903226,0.225806452,0.112903226,0.120967742
aginomoto LR,0.1,0.3,0,0.1,0.2,0.2,0.1
aginomoto KR,0.093415008,0.196018377,0.232771822,0.075038285,0.249617152,0.067381317,0.08575804
aginomoto NR,0.048387097,0.129032258,0.225806452,0.096774194,0.306451613,0.080645161,0.112903226
aginomoto MR,0,0.5,0.25,0,0,0.25,0
spices LR,0.1,0.3,0.1,0,0.3,0.1,0.1
spices KR,0.094135802,0.194444444,0.233024691,0.075617284,0.24845679,0.067901235,0.086419753
spices NR,0.044776119,0.164179104,0.208955224,0.104477612,0.28358209,0.089552239,0.104477612
spices MR,0,0.25,0.25,0,0.25,0.25,0
coco LR,0.053299492,0.205583756,0.253807107,0.058375635,0.256345178,0.088832487,0.083756345
coco HR,0.060606061,0.090909091,0.181818182,0.151515152,0.272727273,0.060606061,0.181818182
coco MR,0.044247788,0.132743363,0.168141593,0.14159292,0.380530973,0.044247788,0.088495575
coco KR,0.289256198,0.20661157,0.223140496,0.016528926,0.132231405,0.024793388,0.107438017
coco NR,0.029411765,0.25,0.220588235,0.147058824,0.220588235,0.102941176,0.029411765
horlicks LR,0.058355438,0.201591512,0.236074271,0.079575597,0.265251989,0.082228117,0.076923077
horlicks HR,0.0625,0.0625,0.125,0,0.5,0.125,0.125
horlicks MR,0,0.150537634,0.161290323,0.129032258,0.333333333,0.086021505,0.139784946
horlicks KR,0.253246753,0.188311688,0.266233766,0.025974026,0.142857143,0.025974026,0.097402597
horlicks NR,0.033707865,0.235955056,0.224719101,0.112359551,0.258426966,0.078651685,0.056179775
boost LR,0.033898305,0.237288136,0.118644068,0.050847458,0.305084746,0.084745763,0.169491525
boost HR,0,0,0.25,0,0.75,0,0
boost KR,0.108892922,0.192377495,0.246823956,0.087114338,0.221415608,0.065335753,0.078039927
boost MR,0.111111111,0.111111111,0.333333333,0,0.333333333,0.111111111,0
boost NR,0.018867925,0.188679245,0.188679245,0.047169811,0.358490566,0.094339623,0.103773585
nuts LR,0.038461538,0.185897436,0.185897436,0.083333333,0.307692308,0.096153846,0.102564103
nuts HR,0.048780488,0.146341463,0.292682927,0.12195122,0.292682927,0.024390244,0.073170732
nuts KR,0.20855615,0.187165775,0.22459893,0.064171123,0.213903743,0.064171123,0.037433155
nuts MR,0.021505376,0.172043011,0.225806452,0.096774194,0.311827957,0.043010753,0.129032258
nuts NR,0.063492063,0.218253968,0.25,0.067460317,0.218253968,0.079365079,0.103174603
runningnose YES,0.004048583,0.068825911,0.526315789,0.190283401,0.008097166,0,0.20242915
runningnose NO,0.132780083,0.257261411,0.076763485,0.018672199,0.377593361,0.107883817,0.029045643
sneeze YES,0,0.086956522,0.517786561,0.18972332,0,0,0.205533597
sneeze NO,0.136554622,0.25,0.075630252,0.016806723,0.386554622,0.109243697,0.025210084
cough YES,0,0.130952381,0.428571429,0.202380952,0,0.011904762,0.226190476
cough NO,0.115864528,0.212121212,0.169340463,0.039215686,0.32798574,0.08912656,0.046345811
wheezeBlocks YES,0,0.165137615,0.435779817,0.197247706,0,0.009174312,0.19266055
wheezeBlocks NO,0.127201566,0.205479452,0.140900196,0.025440313,0.360078278,0.097847358,0.043052838
headache YES,0,0.073770492,0.327868852,0.286885246,0,0.008196721,0.303278689
headache NO,0.10708402,0.217462932,0.2092257,0.034596376,0.303130148,0.084019769,0.044481054
itching YES,0.002785515,0.200557103,0.002785515,0.147632312,0.498607242,0.142061281,0.005571031
itching NO,0.172972973,0.186486486,0.448648649,0.008108108,0.013513514,0.002702703,0.167567568
swelling YES,0,0.135135135,0,0.243243243,0.47972973,0.141891892,0
swelling NO,0.111876076,0.208261618,0.287435456,0.034423408,0.194492255,0.053356282,0.110154905
redrashes YES,0,0.145454545,0,0.318181818,0.390909091,0.145454545,0
redrashes NO,0.105008078,0.201938611,0.269789984,0.033925687,0.227786753,0.05815832,0.103392569
Age G3,0.094420601,0.175965665,0.188841202,0.111587983,0.270386266,0.098712446,0.060085837
Age G5,0.195121951,0.097560976,0.170731707,0.073170732,0.317073171,0.097560976,0.048780488
Age NO,0,0.5,0,0,0.5,0,0
Age G4,0.090909091,0.262626263,0.191919192,0.070707071,0.262626263,0.050505051,0.070707071
Age G1,0.138297872,0.265957447,0.234042553,0.053191489,0.180851064,0.053191489,0.074468085
Age G2,0.050387597,0.166666667,0.290697674,0.058139535,0.244186047,0.058139535,0.131782946
Sex F,0.093023256,0.188630491,0.178294574,0.095607235,0.286821705,0.069767442,0.087855297
Sex M,0.084795322,0.198830409,0.286549708,0.055555556,0.213450292,0.073099415,0.087719298
Fhistory YES,0,0.228235294,0.178823529,0.12,0.244705882,0.077647059,0.150588235
Fhistory NO,0.213815789,0.144736842,0.299342105,0.016447368,0.263157895,0.0625,0
